100 FEFKEKFF/ 4.07634 -6.97705 0
101 FKFEEKFF/ 4.43014 -7.67162 0
104 EFKEKFFF/ 11.2435 2.77894 0
106 FFFKEKFE/ 5.95509 2.67664 0
10 KFFKEFFE/ 2.59032 -10.4291 0
11 KFKFFEFE/ 12.0319 7.35227 2
12 FKKFFEFE/ 5.33234 1.26746 0
13 FFKFFKEE/ 10.7839 4.08133 0
14 FKFFFKEE/ 2.27595 -5.74757 0
15 KFFFFEKE/ 10.2261 5.12674 0
16 FEFKFFKE/ 6.61826 0.313315 0
17 FKFEEFKF/ 2.02295 -8.11332 0
18 KFEFFKFE/ 10.5758 5.01246 1
19 FKFKFEFE/ 17.9995 9.39967 2
1 FFFFKKEE/ 17.7465 11.0105 4
200 FEKKEFFF/ 9.38372 6.03592 1
201 KEFEKFFF/ 7.7021 -0.71708 0
202 EFEKFKFF/ 7.73903 1.65367 0
203 FKKEFEFF/ 4.4995 -2.65967 0
204 FKEKEFFF/ 9.79441 1.3513 1
205 KEEKFFFF/ 13.0743 6.92315 2
206 FFKEKEFF/ 5.38373 -2.96905 0
207 FEKKEFFF/ 5.28742 0.30388 0
208 FFFEEKFK/ 3.72705 -4.35079 0
20 KFFFFKEE/ 7.76448 1.52696 0
22 KFFFKFEE/ 23.1202 16.1642 4
23 FFKKFFEE/ 4.70658 -1.88072 0
24 KFFEEFFK/ 2.56337 -13.3219 0
25 FEFKFKFE/ 10.9601 -1.35622 0
26 FKKFFFEE/ 14.4516 6.71354 2
27 EFFKKFFE/ 6.06786 -2.85428 0
28 FKFEKFEF/ 6.28792 -1.51798 1
29 FKFFEKEF/ 7.41866 0.867735 0
2 FFKEFFKE/ 11.6846 1.07585 1
30 KEFKEFFF/ 6.99501 -1.97957 0
31 KKFEEFFF/ 4.79441 -4.37973 0
32 KFEFKFEF/ 29.0329 21.755 4
33 EKKFFFFE/ 19.3553 14.1742 4
34 EKFFFFKE/ 17.2006 12.0878 4
35 FFFKKEEF/ 2.73254 -2.501 0
36 FFKFKEEF/ 4.46607 -0.97007 0
37 FFKKFEEF/ 3.74551 -2.46004 0
38 FFKEFKEF/ 6.61027 -1.40269 0
39 FFKKFEFE/ 6.56838 2.58981 0
3 FFKKEEFF/ 7.0968 1.29341 1
40 EEKFFFKF/ 15.1337 8.82134 3
41 EFKFKEFF/ 11.515 7.20708 1
45 FFKKEFFE/ 6.18662 0.358275 1
47 FKFFFEEK/ 4.27295 -4.76105 0
48 FKFKFFEE/ 7.43512 -2.18513 0
49 KFFKFFEE/ 12.0479 6.02045 1
4 FKFEFFKE/ 5.29791 -4.42815 0
50 EEFFFFKK/ 12.4825 5.34481 1
51 EEKKFFFF/ 17.8912 14.6767 4
52 KKEEFFFF/ 6.08583 0.6467 0
53 FFEKFEKF/ 3.59232 -6.01495 0
54 FFFFEEKK/ 3.98752 -2.45106 0
55 EEFKKFFF/ 5.62275 -3.11679 0
56 KFFFKEEF/ 10.8892 5.78143 0
57 FFFFEKKE/ 12.228 5.45707 1
58 FFFKEFKE/ 5.0504 -1.13125 0
59 FFEFFEKK/ 2.71507 -8.78395 0
5 FKFEFKFE/ 17.8478 11.4152 3
60 FFFEEFKK/ 4.58533 -10.768 0
64 EFEFKFKF/ 16.6402 6.96508 1
67 FFFKFEEK/ 3.95459 -1.35777 0
68 KFFFFEEK/ 7.78891 0.34182 0
69 KEKEFFFF/ 10.5514 3.74803 1
6 KEFFFFKE/ 11.9995 7.8558 2
70 FFFKFKEE/ 5.7954 -3.4007 0
71 FFKFEFKE/ 10.6437 6.74799 2
72 FFKFEKEF/ 4.95908 0.046955 0
73 FFEFKFEK/ 10.4291 5.03242 0
74 FEEKKFFF/ 10.5933 4.05192 1
75 EFFKFEFK/ 15.2505 8.13222 2
76 EFKFEKFF/ 9.42165 4.91666 1
77 EKFFFKFE/ 21.6956 15.2175 4
78 EEKFFFFK/ 14.9686 9.45857 2
79 FFFFEKEK/ 4.26447 -4.70409 0
7 KKFFFFEE/ 15.8418 7.89621 3
80 FFFFKEEK/ 7.2555 3.33882 1
81 EKFFFFEK/ 13.507 8.20011 3
82 EKKFFFEF/ 15.0414 10.5334 3
83 EKFEFFKF/ 6.52446 -1.82984 0
84 EKFFFEFK/ 15.495 7.24503 2
85 EFKFKFEF/ 19.1212 12.6262 3
8 KFFEFFKE/ 4.07933 -5.38622 0
9 KFFEKFFE/ 9.3972 4.40968 0
